P3
15 21
255
  0   0   0     0   0   0     0   0   0     0   0   0     0   0   0     0   0   0     0   0   0     0   0   0     0   0   0     0   0   0     0   0   0     0   0   0     0   0   0     0   0   0     0   0   0
  0   0   0     0   0   0     0   0   0     0   0   0     0   0   0     0   0   0     0   0   0     0   0   0     0   0   0     0   0   0     0   0   0     0   0   0     0   0   0     0   0   0     0   0   0
  0   0   0     0   0   0     0   0   0     0   0   0     0   0   0     0   0   0     0   0   0     0   0   0     0   0   0     0   0   0     0   0   0     0   0   0     0   0   0     0   0   0     0   0   0
  0   0   0     0   0   0     0   0   0     0   0   0     0   0   0     0   0   0     0   0   0     0   0   0     0   0   0     0   0   0     0   0   0     0   0   0     0   0   0     0   0   0     0   0   0
  0   0   0     0   0   0     0   0   0     0   0   0     0   0   0     0   0   0     0   0   0     0   0   0     0   0   0     0   0   0     0   0   0     0   0   0     0   0   0     0   0   0     0   0   0
  0   0   0     0   0   0     0   0   0     0   0   0     0   0   0     0   0   0     0   0   0     0   0   0     0   0   0     0   0   0     0   0   0     0   0   0     0   0   0     0   0   0     0   0   0
  0   0   0     0   0   0     0   0   0     0   0   0     0   0   0     0   0   0     0   0   0     0   0   0     0   0   0     0   0   0     0   0   0     0   0   0     0   0   0     0   0   0     0   0   0
  0   0   0     0   0   0     0   0   0     0   0   0     0   0   0     0   0   0   255 255 255     0   0   0   255 255 255     0   0   0     0   0   0     0   0   0     0   0   0     0   0   0     0   0   0
  0   0   0     0   0   0     0   0   0     0   0   0     0   0   0   255 255 255     0   0   0   255 255 255     0   0   0   255 255 255     0   0   0     0   0   0     0   0   0     0   0   0     0   0   0
  0   0   0     0   0   0     0   0   0     0   0   0     0   0   0     0   0   0     0   0   0     0   0   0     0   0   0     0   0   0     0   0   0     0   0   0     0   0   0     0   0   0     0   0   0
  0   0   0     0   0   0     0   0   0     0   0   0     0   0   0   255 255 255     0   0   0   255 255 255     0   0   0   255 255 255     0   0   0     0   0   0     0   0   0     0   0   0     0   0   0
  0   0   0     0   0   0     0   0   0     0   0   0     0   0   0     0   0   0     0   0   0     0   0   0     0   0   0   255 255 255     0   0   0     0   0   0     0   0   0     0   0   0     0   0   0
  0   0   0     0   0   0     0   0   0     0   0   0     0   0   0     0   0   0   255 255 255   255 255 255   255 255 255   255 255 255     0   0   0     0   0   0     0   0   0     0   0   0     0   0   0
  0   0   0     0   0   0     0   0   0     0   0   0   255 255 255     0   0   0   255 255 255   255 255 255   255 255 255     0   0   0   255 255 255     0   0   0     0   0   0     0   0   0     0   0   0
  0   0   0     0   0   0     0   0   0     0   0   0     0   0   0   255 255 255     0   0   0     0   0   0     0   0   0     0   0   0     0   0   0     0   0   0     0   0   0     0   0   0     0   0   0
  0   0   0     0   0   0     0   0   0     0   0   0     0   0   0   255 255 255     0   0   0   255 255 255     0   0   0     0   0   0     0   0   0     0   0   0     0   0   0     0   0   0     0   0   0
  0   0   0     0   0   0     0   0   0     0   0   0     0   0   0   255 255 255     0   0   0     0   0   0     0   0   0   255 255 255     0   0   0     0   0   0     0   0   0     0   0   0     0   0   0
  0   0   0     0   0   0     0   0   0     0   0   0     0   0   0     0   0   0     0   0   0   255 255 255     0   0   0     0   0   0     0   0   0     0   0   0     0   0   0     0   0   0     0   0   0
  0   0   0     0   0   0     0   0   0     0   0   0     0   0   0     0   0   0     0   0   0     0   0   0     0   0   0     0   0   0     0   0   0     0   0   0     0   0   0     0   0   0     0   0   0
  0   0   0     0   0   0     0   0   0     0   0   0     0   0   0     0   0   0     0   0   0     0   0   0     0   0   0     0   0   0     0   0   0     0   0   0     0   0   0     0   0   0     0   0   0
  0   0   0     0   0   0     0   0   0     0   0   0     0   0   0     0   0   0     0   0   0     0   0   0     0   0   0     0   0   0     0   0   0     0   0   0     0   0   0     0   0   0     0   0   0

Made Using CS61C Oracle
